MY_ACCOUNT_ID=0.0.4599001
MY_PRIVATE_KEY=3030020100300706052b8104000a04220420ea767d9924e89573f1eb014178a4c2d00db5d5579b6fffad7852c59c4c63dbb3


MY_ACCOUNT_ID2=0.0.4599104
MY_PRIVATE_KEY2=302e020100300506032b65700422042034c726c2c6c1540552d6071c87f7e85bc32b933dcdb255a432fea7d3afa12f95